0
1
2
3
4
5
6
7
8
9
10
11
12
13
14
15
16
17
18
19
20
21
22
23
24
25
26
27
28
29
30
31
32
33
34
35
36
37
38
39
40
41
42
43
44
45
46
47
48
49
50
51
52
53
54
55
56
57
58
59
60
61
62
63
64
65
66
67
68
69
70
71
72
73
74
75
76
77
78
79
80
81
82
83
84
85
86
87
88
89
90
91
92
93
94
95
96
97
98
99
100
101
102
103
104
105
106
107
108
109
110
111
112
113
114
115
116
117
118
119
120
121
122
123
124
125
126
127
0
1.12
2.04
3.16
3.86
4.98
6
7.02
8.14
7.96
8.84
10.88
12
13.12
14.04
15.16
15.86
16.98
18
19.02
20.14
19.96
20.84
22.88
24
25.12
26.04
27.16
27.86
28.98
30
31.02
32.14
31.96
32.84
34.88
36
37.12
38.04
39.16
39.86
40.98
42
43.02
44.14
43.96
44.84
46.88
48
49.12
50.04
51.16
51.86
52.98
54
55.02
56.14
55.96
56.84
58.88
60
61.12
62.04
63.16
63.86
64.98
66
67.02
68.14
67.96
68.84
70.88
72
73.12
74.04
75.16
75.86
76.98
78
79.02
80.14
79.96
80.84
82.88
84
85.12
86.04
87.16
87.86
88.98
90
91.02
92.14
91.96
92.84
94.88
96
97.12
98.04
99.16
99.86
100.98
102
103.02
104.14
103.96
104.84
106.88
108
109.12
110.04
111.16
111.86
112.98
114
115.02
116.14
115.96
116.84
118.88
120
121.12
122.04
123.16
123.86
124.98
126
127.02
0
1
2
3.5
4
5
6
7
8
9
10.5
11
12
13
14
15.5
16
17
18
19
20
21
22.5
23
24
25
26
27.5
28
29
30
31
32
33
34.5
35
36
37
38
39.5
40
41
42
43
44
45
46.5
47
48
49
50
51.5
52
53
54
55
56
57
58.5
59
60
61
62
63.5
64
65
66
67
68
69
70.5
71
72
73
74
75.5
76
77
78
79
80
81
82.5
83
84
85
86
87.5
88
89
90
91
92
93
94.5
95
96
97
98
99.5
100
101
102
103
104
105
106.5
107
108
109
110
111.5
112
113
114
115
116
117
118.5
119
120
121
122
123.5
124
125
126
127
0
1.7665
2.0391
2.3961
4.7078
4.4352
6.7469
7.0196
7.3765
9.6883
9.4156
11.7274
12
13.7665
14.0391
14.3961
16.7078
16.4352
18.7469
19.0196
19.3765
21.6883
21.4156
23.7274
24
25.7665
26.0391
26.3961
28.7078
28.4352
30.7469
31.0196
31.3765
33.6883
33.4156
35.7274
36
37.7665
38.0391
38.3961
40.7078
40.4352
42.7469
43.0196
43.3765
45.6883
45.4156
47.7274
48
49.7665
50.0391
50.3961
52.7078
52.4352
54.7469
55.0196
55.3765
57.6883
57.4156
59.7274
60
61.7665
62.0391
62.3961
64.7078
64.4352
66.7469
67.0196
67.3765
69.6883
69.4156
71.7274
72
73.7665
74.0391
74.3961
76.7078
76.4352
78.7469
79.0196
79.3765
81.6883
81.4156
83.7274
84
85.7665
86.0391
86.3961
88.7078
88.4352
90.7469
91.0196
91.3765
93.6883
93.4156
95.7274
96
97.7665
98.0391
98.3961
100.7078
100.4352
102.7469
103.0196
103.3765
105.6883
105.4156
107.7274
108
109.7665
110.0391
110.3961
112.7078
112.4352
114.7469
115.0196
115.3765
117.6883
117.4156
119.7274
120
121.7665
122.0391
122.3961
124.7078
124.4352
126.7469
127.0196
0
2.31
2.67
3.16
3.86
4.98
5.83
7.02
8.14
8.84
9.33
9.69
12
14.31
14.67
15.16
15.86
16.98
17.83
19.02
20.14
20.84
21.33
21.69
24
26.31
26.67
27.16
27.86
28.98
29.83
31.02
32.14
32.84
33.33
33.69
36
38.31
38.67
39.16
39.86
40.98
41.83
43.02
44.14
44.84
45.33
45.69
48
50.31
50.67
51.16
51.86
52.98
53.83
55.02
56.14
56.84
57.33
57.69
60
62.31
62.67
63.16
63.86
64.98
65.83
67.02
68.14
68.84
69.33
69.69
72
74.31
74.67
75.16
75.86
76.98
77.83
79.02
80.14
80.84
81.33
81.69
84
86.31
86.67
87.16
87.86
88.98
89.83
91.02
92.14
92.84
93.33
93.69
96
98.31
98.67
99.16
99.86
100.98
101.83
103.02
104.14
104.84
105.33
105.69
108
110.31
110.67
111.16
111.86
112.98
113.83
115.02
116.14
116.84
117.33
117.69
120
122.31
122.67
123.16
123.86
124.98
125.83
127.02
0
2.312
2.67
3.16
3.86
4.98
5.82
7.01
8.13
8.84
9.68
10.17
12
14.312
14.67
15.16
15.86
16.98
17.82
19.01
20.13
20.84
21.68
22.17
24
26.312
26.67
27.16
27.86
28.98
29.82
31.01
32.13
32.84
33.68
34.17
36
38.312
38.67
39.16
39.86
40.98
41.82
43.01
44.13
44.84
45.68
46.17
48
50.312
50.67
51.16
51.86
52.98
53.82
55.01
56.13
56.84
57.68
58.17
60
62.312
62.67
63.16
63.86
64.98
65.82
67.01
68.13
68.84
69.68
70.17
72
74.312
74.67
75.16
75.86
76.98
77.82
79.01
80.13
80.84
81.68
82.17
84
86.312
86.67
87.16
87.86
88.98
89.82
91.01
92.13
92.84
93.68
94.17
96
98.312
98.67
99.16
99.86
100.98
101.82
103.01
104.13
104.84
105.68
106.17
108
110.312
110.67
111.16
111.86
112.98
113.82
115.01
116.13
116.84
117.68
118.17
120
122.312
122.67
123.16
123.86
124.98
125.82
127.01
0
1.049588947
2.039167728
2.975228954
3.863265418
4.707965401
5.513362495
6.282952098
7.0197831
8.405555724
9.688580774
10.88304852
12
13.04958895
14.03916773
14.97522895
15.86326542
16.7079654
17.51336249
18.2829521
19.0197831
20.40555572
21.68858077
22.88304852
24
25.04958895
26.03916773
26.97522895
27.86326542
28.7079654
29.51336249
30.2829521
31.0197831
32.40555572
33.68858077
34.88304852
36
37.04958895
38.03916773
38.97522895
39.86326542
40.7079654
41.51336249
42.2829521
43.0197831
44.40555572
45.68858077
46.88304852
48
49.04958895
50.03916773
50.97522895
51.86326542
52.7079654
53.51336249
54.2829521
55.0197831
56.40555572
57.68858077
58.88304852
60
61.04958895
62.03916773
62.97522895
63.86326542
64.7079654
65.51336249
66.2829521
67.0197831
68.40555572
69.68858077
70.88304852
72
73.04958895
74.03916773
74.97522895
75.86326542
76.7079654
77.51336249
78.2829521
79.0197831
80.40555572
81.68858077
82.88304852
84
85.04958895
86.03916773
86.97522895
87.86326542
88.7079654
89.51336249
90.2829521
91.0197831
92.40555572
93.68858077
94.88304852
96
97.04958895
98.03916773
98.97522895
99.86326542
100.7079654
101.5133625
102.2829521
103.0197831
104.4055557
105.6885808
106.8830485
108
109.0495889
110.0391677
110.975229
111.8632654
112.7079654
113.5133625
114.2829521
115.0197831
116.4055557
117.6885808
118.8830485
120
121.0495889
122.0391677
122.975229
123.8632654
124.7079654
125.5133625
126.2829521
0
1.0495
2.51344
2.9751
3.86
5.51
6.2827
7.02
8.4
9.68
10.29
11.45
12
13.0495
14.51344
14.9751
15.86
17.51
18.2827
19.02
20.4
21.68
22.29
23.45
24
25.0495
26.51344
26.9751
27.86
29.51
30.2827
31.02
32.4
33.68
34.29
35.45
36
37.0495
38.51344
38.9751
39.86
41.51
42.2827
43.02
44.4
45.68
46.29
47.45
48
49.0495
50.51344
50.9751
51.86
53.51
54.2827
55.02
56.4
57.68
58.29
59.45
60
61.0495
62.51344
62.9751
63.86
65.51
66.2827
67.02
68.4
69.68
70.29
71.45
72
73.0495
74.51344
74.9751
75.86
77.51
78.2827
79.02
80.4
81.68
82.29
83.45
84
85.0495
86.51344
86.9751
87.86
89.51
90.2827
91.02
92.4
93.68
94.29
95.45
96
97.0495
98.51344
98.9751
99.86
101.51
102.2827
103.02
104.4
105.68
106.29
107.45
108
109.0495
110.51344
110.9751
111.86
113.51
114.2827
115.02
116.4
117.68
118.29
119.45
120
121.0495
122.51344
122.9751
123.86
125.51
126.2827
127.02
0
0.9
1.92
2.94
3.9
4.98
5.88
6.96
7.92
8.88
9.96
10.92
12
12.9
13.92
14.94
15.9
16.98
17.88
18.96
19.92
20.88
21.96
22.92
24
24.9
25.92
26.94
27.9
28.98
29.88
30.96
31.92
32.88
33.96
34.92
36
36.9
37.92
38.94
39.9
40.98
41.88
42.96
43.92
44.88
45.96
46.92
48
48.9
49.92
50.94
51.9
52.98
53.88
54.96
55.92
56.88
57.96
58.92
60
60.9
61.92
62.94
63.9
64.98
65.88
66.96
67.92
68.88
69.96
70.92
72
72.9
73.92
74.94
75.9
76.98
77.88
78.96
79.92
80.88
81.96
82.92
84
84.9
85.92
86.94
87.9
88.98
89.88
90.96
91.92
92.88
93.96
94.92
96
96.9
97.92
98.94
99.9
100.98
101.88
102.96
103.92
104.88
105.96
106.92
108
108.9
109.92
110.94
111.9
112.98
113.88
114.96
115.92
116.88
117.96
118.92
120
120.9
121.92
122.94
123.9
124.98
125.88
126.96
17.64705882
18.35294118
19.05882353
19.76470588
20.47058824
21.17647059
21.88235294
22.58823529
23.29411765
24
24.70588235
25.41176471
26.11764706
26.82352941
27.52941176
28.23529412
28.94117647
29.64705882
30.35294118
31.05882353
31.76470588
32.47058824
33.17647059
33.88235294
34.58823529
35.29411765
36
36.70588235
37.41176471
38.11764706
38.82352941
39.52941176
40.23529412
40.94117647
41.64705882
42.35294118
43.05882353
43.76470588
44.47058824
45.17647059
45.88235294
46.58823529
47.29411765
48
48.70588235
49.41176471
50.11764706
50.82352941
51.52941176
52.23529412
52.94117647
53.64705882
54.35294118
55.05882353
55.76470588
56.47058824
57.17647059
57.88235294
58.58823529
59.29411765
60
60.70588235
61.41176471
62.11764706
62.82352941
63.52941176
64.23529412
64.94117647
65.64705882
66.35294118
67.05882353
67.76470588
68.47058824
69.17647059
69.88235294
70.58823529
71.29411765
72
72.70588235
73.41176471
74.11764706
74.82352941
75.52941176
76.23529412
76.94117647
77.64705882
78.35294118
79.05882353
79.76470588
80.47058824
81.17647059
81.88235294
82.58823529
83.29411765
84
84.70588235
85.41176471
86.11764706
86.82352941
87.52941176
88.23529412
88.94117647
89.64705882
90.35294118
91.05882353
91.76470588
92.47058824
93.17647059
93.88235294
94.58823529
95.29411765
96
96.70588235
97.41176471
98.11764706
98.82352941
99.52941176
100.2352941
100.9411765
101.6470588
102.3529412
103.0588235
103.7647059
104.4705882
105.1764706
105.8823529
106.5882353
107.2941176
30
30.5
31
31.5
32
32.5
33
33.5
34
34.5
35
35.5
36
36.5
37
37.5
38
38.5
39
39.5
40
40.5
41
41.5
42
42.5
43
43.5
44
44.5
45
45.5
46
46.5
47
47.5
48
48.5
49
49.5
50
50.5
51
51.5
52
52.5
53
53.5
54
54.5
55
55.5
56
56.5
57
57.5
58
58.5
59
59.5
60
60.5
61
61.5
62
62.5
63
63.5
64
64.5
65
65.5
66
66.5
67
67.5
68
68.5
69
69.5
70
70.5
71
71.5
72
72.5
73
73.5
74
74.5
75
75.5
76
76.5
77
77.5
78
78.5
79
79.5
80
80.5
81
81.5
82
82.5
83
83.5
84
84.5
85
85.5
86
86.5
87
87.5
88
88.5
89
89.5
90
90.5
91
91.5
92
92.5
93
93.5
-20
-18.66666667
-17.33333333
-16
-14.66666667
-13.33333333
-12
-10.66666667
-9.333333333
-8
-6.666666667
-5.333333333
-4
-2.666666667
-1.333333333
0
1.333333333
2.666666667
4
5.333333333
6.666666667
8
9.333333333
10.66666667
12
13.33333333
14.66666667
16
17.33333333
18.66666667
20
21.33333333
22.66666667
24
25.33333333
26.66666667
28
29.33333333
30.66666667
32
33.33333333
34.66666667
36
37.33333333
38.66666667
40
41.33333333
42.66666667
44
45.33333333
46.66666667
48
49.33333333
50.66666667
52
53.33333333
54.66666667
56
57.33333333
58.66666667
60
61.33333333
62.66666667
64
65.33333333
66.66666667
68
69.33333333
70.66666667
72
73.33333333
74.66666667
76
77.33333333
78.66666667
80
81.33333333
82.66666667
84
85.33333333
86.66666667
88
89.33333333
90.66666667
92
93.33333333
94.66666667
96
97.33333333
98.66666667
100
101.3333333
102.6666667
104
105.3333333
106.6666667
108
109.3333333
110.6666667
112
113.3333333
114.6666667
116
117.3333333
118.6666667
120
121.3333333
122.6666667
124
125.3333333
126.6666667
128
129.3333333
130.6666667
132
133.3333333
134.6666667
136
137.3333333
138.6666667
140
141.3333333
142.6666667
144
145.3333333
146.6666667
148
149.3333333
-84
-81.6
-79.2
-76.8
-74.4
-72
-69.6
-67.2
-64.8
-62.4
-60
-57.6
-55.2
-52.8
-50.4
-48
-45.6
-43.2
-40.8
-38.4
-36
-33.6
-31.2
-28.8
-26.4
-24
-21.6
-19.2
-16.8
-14.4
-12
-9.6
-7.2
-4.8
-2.4
0
2.4
4.8
7.2
9.6
12
14.4
16.8
19.2
21.6
24
26.4
28.8
31.2
33.6
36
38.4
40.8
43.2
45.6
48
50.4
52.8
55.2
57.6
60
62.4
64.8
67.2
69.6
72
74.4
76.8
79.2
81.6
84
86.4
88.8
91.2
93.6
96
98.4
100.8
103.2
105.6
108
110.4
112.8
115.2
117.6
120
122.4
124.8
127.2
129.6
132
134.4
136.8
139.2
141.6
144
146.4
148.8
151.2
153.6
156
158.4
160.8
163.2
165.6
168
170.4
172.8
175.2
177.6
180
182.4
184.8
187.2
189.6
192
194.4
196.8
199.2
201.6
204
206.4
208.8
211.2
213.6
216
218.4
220.8
-42.85714286
-41.14285714
-39.42857143
-37.71428571
-36
-34.28571429
-32.57142857
-30.85714286
-29.14285714
-27.42857143
-25.71428571
-24
-22.28571429
-20.57142857
-18.85714286
-17.14285714
-15.42857143
-13.71428571
-12
-10.28571429
-8.571428571
-6.857142857
-5.142857143
-3.428571429
-1.714285714
0
1.714285714
3.428571429
5.142857143
6.857142857
8.571428571
10.28571429
12
13.71428571
15.42857143
17.14285714
18.85714286
20.57142857
22.28571429
24
25.71428571
27.42857143
29.14285714
30.85714286
32.57142857
34.28571429
36
37.71428571
39.42857143
41.14285714
42.85714286
44.57142857
46.28571429
48
49.71428571
51.42857143
53.14285714
54.85714286
56.57142857
58.28571429
60
61.71428571
63.42857143
65.14285714
66.85714286
68.57142857
70.28571429
72
73.71428571
75.42857143
77.14285714
78.85714286
80.57142857
82.28571429
84
85.71428571
87.42857143
89.14285714
90.85714286
92.57142857
94.28571429
96
97.71428571
99.42857143
101.1428571
102.8571429
104.5714286
106.2857143
108
109.7142857
111.4285714
113.1428571
114.8571429
116.5714286
118.2857143
120
121.7142857
123.4285714
125.1428571
126.8571429
128.5714286
130.2857143
132
133.7142857
135.4285714
137.1428571
138.8571429
140.5714286
142.2857143
144
145.7142857
147.4285714
149.1428571
150.8571429
152.5714286
154.2857143
156
157.7142857
159.4285714
161.1428571
162.8571429
164.5714286
166.2857143
168
169.7142857
171.4285714
173.1428571
174.8571429
12
12.8
13.6
14.4
15.2
16
16.8
17.6
18.4
19.2
20
20.8
21.6
22.4
23.2
24
24.8
25.6
26.4
27.2
28
28.8
29.6
30.4
31.2
32
32.8
33.6
34.4
35.2
36
36.8
37.6
38.4
39.2
40
40.8
41.6
42.4
43.2
44
44.8
45.6
46.4
47.2
48
48.8
49.6
50.4
51.2
52
52.8
53.6
54.4
55.2
56
56.8
57.6
58.4
59.2
60
60.8
61.6
62.4
63.2
64
64.8
65.6
66.4
67.2
68
68.8
69.6
70.4
71.2
72
72.8
73.6
74.4
75.2
76
76.8
77.6
78.4
79.2
80
80.8
81.6
82.4
83.2
84
84.8
85.6
86.4
87.2
88
88.8
89.6
90.4
91.2
92
92.8
93.6
94.4
95.2
96
96.8
97.6
98.4
99.2
100
100.8
101.6
102.4
103.2
104
104.8
105.6
106.4
107.2
108
108.8
109.6
110.4
111.2
112
112.8
113.6
144
143
142
141
140
139
138
137
136
135
134
133
132
131
130
129
128
127
126
125
124
123
122
121
120
119
118
117
116
115
114
113
112
111
110
109
108
107
106
105
104
103
102
101
100
99
98
97
96
95
94
93
92
91
90
89
88
87
86
85
84
83
82
81
80
79
78
77
76
75
74
73
72
71
70
69
68
67
66
65
64
63
62
61
60
59
58
57
56
55
54
53
52
51
50
49
48
47
46
45
44
43
42
41
40
39
38
37
36
35
34
33
32
31
30
29
28
27
26
25
24
23
22
21
20
19
18
17
0
7
2
9
4
11
6
1
8
3
10
5
12
19
14
21
16
23
18
13
20
15
22
17
24
31
26
33
28
35
30
25
32
27
34
29
36
43
38
45
40
47
42
37
44
39
46
41
48
55
50
57
52
59
54
49
56
51
58
53
60
67
62
69
64
71
66
61
68
63
70
65
72
79
74
81
76
83
78
73
80
75
82
77
84
91
86
93
88
95
90
85
92
87
94
89
96
103
98
105
100
107
102
97
104
99
106
101
108
115
110
117
112
119
114
109
116
111
118
113
120
127
122
129
124
131
126
121