0
0
0
0
0
62
0
0
0
0
0
0
0
0
64
0
0
0
0
0
0
0
0
62
61
0
0
0
0
0
0
0
0
0
0
0
0
0
0
0
0
0
0
0
0
74
0
0
0
0
0
0
0
0
77
0
0
0
0
0
0
0
0
84
79
0
0
0
0
0
0
0
0
76
0
0
0
0
0
0
0
0
69
0
0
0
0
0
0
0
0
86
0
0
0
0
0
0
0
0
79
0
0
0
0
0
0
0
0
76
0
0
0
0
0
0
0
0
61
0
0
0
0
0
0
0
0
0
0
0
0
0
0
0
0
74
79
0
0
0
0
0
0
0
0
62
0
0
0
0
0
0
0
0
79
0
0
0
0
0
0
0
0
65
0
0
0
0
0
0
0
0
76
0
0
0
0
0
0
0
0
73
0
0
0
0
0
0
0
0
73
0
0
0
0
0
0
0
0
76
69
0
0
0
0
0
0
0
0
61
0
0
0
0
0
0
0
0
69
0
0
0
0
0
0
0
0
86
0
0
0
0
0
0
0
0
79
0
0
0
0
0
0
0
0
76
0
0
0
0
0
0
0
0
77
0
0
0
0
0
0
0
0
77
81
0
0
0
0
0
0
0
0
81
0
0
0
0
0
0
0
0
0
0
0
0
0
0
0
0
87
0
0
0
0
0
0
0
0
65
0
0
0
0
0
0
0
0
76
0
0
0
0
0
0
0
0
73
0
0
0
0
0
0
0
0
73
0
0
0
0
0
0
0
0
76
69
0
0
0
0
0
0
0
0
79
0
0
0
0
0
0
0
0
77
0
0
0
0
0
0
0
0
76
0
0
0
0
0
0
0
0
63
0
0
0
0
0
0
0
0
77
0
0
0
0
0
0
0
0
76
0
0
0
0
0
0
0
0
63
77
0
0
0
0
0
0
0
0
76
0
0
0
0
0
0
0
0
63
0
0
0
0
0
0
0
0
77
0
0
0
0
0
0
0
0
76
0
0
0
0
0
0
0
0
63
0
0
0
0
0
0
0
0
87
0
0
0
0
0
0
0
0
67
61
0
0
0
0
0
0
0
0
73
0
0
0
0
0
0
0
0
86
0
0
0
0
0
0
0
0
63
0
0
0
0
0
0
0
0
73
0
0
0
0
0
0
0
0
76
0
0
0
0
0
0
0
0
69
0
